1.386411e+02
1.359833e+02
1.129142e+02
8.672310e+01
3.869337e+01
3.367423e+01
3.342229e+01
2.902736e+01
1.646775e+01
1.489887e+01
1.379938e+01
1.153030e+01
7.453172e+00
7.106790e+00
6.885254e+00
6.795217e+00
6.526230e+00
5.381516e+00
4.378340e+00
4.220367e+00
3.609458e+00
3.529414e+00
3.368321e+00
3.328093e+00
3.152406e+00
3.095284e+00
2.988738e+00
2.627612e+00
2.548176e+00
2.393877e+00
2.347039e+00
2.208755e+00
2.202695e+00
2.174657e+00
2.170525e+00
2.136783e+00
2.124418e+00
2.103224e+00
2.090111e+00
1.947558e+00
1.944093e+00
1.935546e+00
1.863889e+00
1.841492e+00
1.836464e+00
1.758641e+00
1.717131e+00
1.701687e+00
1.698616e+00
1.665117e+00
1.644867e+00
1.608902e+00
1.603441e+00
1.591592e+00
1.584219e+00
1.558776e+00
1.545921e+00
1.544836e+00
1.531935e+00
1.520161e+00
1.496033e+00
1.491089e+00
1.476598e+00
1.445271e+00
1.443614e+00
1.400075e+00
1.395771e+00
1.386592e+00
1.365906e+00
1.356296e+00
1.322531e+00
1.305073e+00
1.300457e+00
1.298326e+00
1.291043e+00
1.290450e+00
1.286895e+00
1.278474e+00
1.272788e+00
1.267912e+00
1.257570e+00
1.242161e+00
1.236989e+00
1.230153e+00
1.203545e+00
1.192821e+00
1.169026e+00
1.165238e+00
1.157166e+00
1.143337e+00
1.138527e+00
1.121758e+00
1.114339e+00
1.086908e+00
1.084704e+00
1.047435e+00
1.024692e+00
1.008119e+00
9.962361e-01
9.783096e-01
9.571759e-01
9.562191e-01
9.480230e-01
9.247543e-01
9.155745e-01
9.123926e-01
9.093618e-01
8.977389e-01
8.887334e-01
8.867076e-01
8.824183e-01
8.801044e-01
8.757640e-01
8.728319e-01
8.680908e-01
8.567953e-01
8.554194e-01
8.550937e-01
8.341899e-01
8.337943e-01
8.314181e-01
8.290030e-01
8.167458e-01
7.974300e-01
7.963926e-01
7.962635e-01
7.900182e-01
7.838327e-01
7.830878e-01
7.727374e-01
7.705951e-01
7.672733e-01
7.608383e-01
7.587392e-01
7.574717e-01
7.557240e-01
7.535898e-01
7.529694e-01
7.453334e-01
7.445584e-01
7.371506e-01
7.339692e-01
7.306442e-01
7.291174e-01
7.237590e-01
7.135138e-01
6.985697e-01
6.974166e-01
6.966434e-01
6.944365e-01
6.942791e-01
6.892858e-01
6.878286e-01
6.872409e-01
6.847076e-01
6.779598e-01
6.715462e-01
6.663871e-01
6.663736e-01
6.638982e-01
6.624777e-01
6.555702e-01
6.546976e-01
6.523270e-01
6.441013e-01
6.390676e-01
6.296973e-01
6.294187e-01
6.265724e-01
6.242556e-01
6.177414e-01
6.174136e-01
6.157790e-01
6.096079e-01
6.055215e-01
6.032014e-01
6.011326e-01
5.966370e-01
5.912228e-01
5.907386e-01
5.853846e-01
5.849779e-01
5.843702e-01
5.786471e-01
5.778597e-01
5.731849e-01
5.730626e-01
5.724793e-01
5.672465e-01
5.653437e-01
5.607529e-01
5.604060e-01
5.602765e-01
5.548892e-01
5.505376e-01
5.497518e-01
5.484879e-01
5.482465e-01
5.409775e-01
5.383041e-01
5.379637e-01
5.375690e-01
5.363374e-01
5.358908e-01
5.184460e-01
5.183058e-01
5.160678e-01
5.153212e-01
5.130779e-01
5.115129e-01
5.054264e-01
5.038092e-01
5.011074e-01
4.963863e-01
4.899587e-01
4.838936e-01
4.815791e-01
4.813476e-01
4.805363e-01
4.758302e-01
4.750163e-01
4.745216e-01
4.734519e-01
4.671771e-01
4.661863e-01
4.646800e-01
4.625991e-01
4.615359e-01
4.608438e-01
4.596450e-01
4.561429e-01
4.555837e-01
4.540455e-01
4.532045e-01
4.525130e-01
4.524060e-01
4.512319e-01
4.498471e-01
4.484384e-01
4.483972e-01
4.472084e-01
4.468191e-01
4.465890e-01
4.450816e-01
4.429485e-01
4.417424e-01
4.415385e-01
4.396726e-01
4.373021e-01
4.341097e-01
4.309306e-01
4.306354e-01
4.300159e-01
4.292686e-01
4.263282e-01
4.259050e-01
4.257805e-01
4.245086e-01
4.231739e-01
4.226069e-01
4.214966e-01
4.179711e-01
4.167746e-01
4.157401e-01
4.148517e-01
4.130257e-01
4.119675e-01
4.089176e-01
4.086287e-01
4.050708e-01
4.030600e-01
4.022936e-01
3.984871e-01
3.968099e-01
3.967188e-01
3.958698e-01
3.954596e-01
3.951781e-01
3.947480e-01
3.933451e-01
3.932463e-01
3.927057e-01
3.922002e-01
3.912839e-01
3.901259e-01
3.870185e-01
3.862232e-01
3.837290e-01
3.775788e-01
3.769333e-01
3.763284e-01
3.759446e-01
3.757026e-01
3.744524e-01
3.733890e-01
3.726628e-01
3.708470e-01
3.695877e-01
3.694528e-01
3.687658e-01
3.686234e-01
3.680889e-01
3.614810e-01
3.602300e-01
3.589992e-01
3.581848e-01
3.555079e-01
3.544312e-01
3.530592e-01
3.503659e-01
3.499547e-01
3.491248e-01
3.481623e-01
3.472847e-01
3.469864e-01
3.465339e-01
3.462218e-01
3.436846e-01
3.429942e-01
3.427010e-01
3.423115e-01
3.384651e-01
3.380831e-01
3.360976e-01
3.353379e-01
3.322550e-01
3.290196e-01
3.265332e-01
3.261766e-01
3.255790e-01
3.242579e-01
3.228470e-01
3.220416e-01
3.216432e-01
3.204854e-01
3.196016e-01
3.182335e-01
3.182016e-01
3.155516e-01
3.144514e-01
3.144212e-01
3.142974e-01
3.141673e-01
3.134567e-01
3.130743e-01
3.130571e-01
3.126783e-01
3.109433e-01
3.100077e-01
3.097490e-01
3.088802e-01
3.084596e-01
3.071780e-01
3.070622e-01
3.062955e-01
3.038623e-01
3.026266e-01
3.021810e-01
3.017534e-01
3.002595e-01
2.966545e-01
2.965375e-01
2.965051e-01
2.955423e-01
2.953272e-01
2.939421e-01
2.926013e-01
2.914742e-01
2.898321e-01
2.870443e-01
2.867417e-01
2.860706e-01
2.852177e-01
2.841861e-01
2.816631e-01
2.785967e-01
2.783606e-01
2.783480e-01
2.772617e-01
2.766347e-01
2.763242e-01
2.735509e-01
2.721066e-01
2.719259e-01
2.698897e-01
2.685503e-01
2.680434e-01
2.666308e-01
2.663420e-01
2.656919e-01
2.655720e-01
2.643689e-01
2.635331e-01
2.628117e-01
2.627774e-01
2.621231e-01
2.612020e-01
2.605970e-01
2.600864e-01
2.577821e-01
2.542085e-01
2.540617e-01
2.521786e-01
2.520004e-01
2.514294e-01
2.498182e-01
2.491046e-01
2.490585e-01
2.485038e-01
2.480186e-01
2.476795e-01
2.474344e-01
2.464337e-01
2.460900e-01
2.452794e-01
2.444570e-01
2.440927e-01
2.440723e-01
2.427078e-01
2.415620e-01
2.414375e-01
2.410282e-01
2.402119e-01
2.392525e-01
2.385564e-01
2.382077e-01
2.366497e-01
2.364036e-01
2.363838e-01
2.362641e-01
2.362450e-01
2.360945e-01
2.355626e-01
2.352721e-01
2.348158e-01
2.344874e-01
2.341256e-01
2.339916e-01
2.333865e-01
2.330971e-01
2.330418e-01
2.330261e-01
2.325943e-01
2.312257e-01
2.310207e-01
2.306588e-01
2.305734e-01
2.303888e-01
2.303151e-01
2.303066e-01
2.260036e-01
2.247012e-01
2.241634e-01
2.237953e-01
2.236582e-01
2.234233e-01
2.226620e-01
2.225608e-01
2.222616e-01
2.214157e-01
2.199800e-01
2.199246e-01
2.193009e-01
2.180281e-01
2.175402e-01
2.173100e-01
2.166621e-01
2.153039e-01
2.148557e-01
2.144228e-01
2.143488e-01
2.124406e-01
2.118375e-01
2.109562e-01
2.086574e-01
2.062553e-01
2.058221e-01
2.057067e-01
2.051801e-01
2.050805e-01
2.045694e-01
2.034752e-01
2.026045e-01
2.009988e-01
2.005445e-01
2.003598e-01
1.991617e-01
1.990126e-01
1.986222e-01
1.975527e-01
1.974774e-01
1.970970e-01
1.969898e-01
1.967009e-01
1.959177e-01
1.948246e-01
1.945805e-01
1.942412e-01
1.933740e-01
1.932848e-01
1.930750e-01
1.929890e-01
1.921418e-01
1.920629e-01
1.919758e-01
1.911157e-01
1.894930e-01
1.888106e-01
1.885204e-01
1.879041e-01
1.875679e-01
1.868542e-01
1.868252e-01
1.864814e-01
1.861676e-01
1.860214e-01
1.842892e-01
1.840159e-01
1.831915e-01
1.829360e-01
1.822273e-01
1.816242e-01
1.814351e-01
1.806002e-01
1.804040e-01
1.791696e-01
1.787198e-01
1.786673e-01
1.780463e-01
1.778422e-01
1.776960e-01
1.768369e-01
1.763872e-01
1.751534e-01
1.751070e-01
1.739633e-01
1.734012e-01
1.731226e-01
1.726225e-01
1.711993e-01
1.710212e-01
1.688093e-01
1.685026e-01
1.666322e-01
1.666148e-01
1.656758e-01
1.648671e-01
1.647954e-01
1.644850e-01
1.644094e-01
1.644019e-01
1.643979e-01
1.642197e-01
1.636185e-01
1.630139e-01
1.624916e-01
1.622417e-01
1.622049e-01
1.622003e-01
1.621506e-01
1.613312e-01
1.612100e-01
1.605960e-01
1.586761e-01
1.583665e-01
1.569097e-01
1.565984e-01
1.556431e-01
1.556017e-01
1.548208e-01
1.548056e-01
1.544821e-01
1.535030e-01
1.521474e-01
1.519098e-01
1.513834e-01
1.502644e-01
1.500433e-01
1.499801e-01
1.498236e-01
1.497661e-01
1.489004e-01
1.483213e-01
1.460558e-01
1.454686e-01
1.454043e-01
1.452700e-01
1.447219e-01
1.444952e-01
1.444560e-01
1.440136e-01
1.432107e-01
1.431563e-01
1.422217e-01
1.412992e-01
1.394553e-01
1.388986e-01
1.388445e-01
1.388214e-01
1.375928e-01
1.369733e-01
1.347452e-01
1.347155e-01
1.335492e-01
1.330768e-01
1.330167e-01
1.322608e-01
1.319317e-01
1.317365e-01
1.313383e-01
1.305883e-01
1.304305e-01
1.293011e-01
1.292221e-01
1.291902e-01
1.291634e-01
1.291281e-01
1.289554e-01
1.289466e-01
1.289400e-01
1.286879e-01
1.277800e-01
1.275372e-01
1.275259e-01
1.274083e-01
1.272946e-01
1.271904e-01
1.269622e-01
1.264804e-01
1.262784e-01
1.250294e-01
1.242106e-01
1.228009e-01
1.227120e-01
1.226613e-01
1.219288e-01
1.219039e-01
1.211282e-01
1.199245e-01
1.196979e-01
1.185421e-01
1.180137e-01
1.176236e-01
1.169375e-01
1.168161e-01
1.162943e-01
1.160297e-01
1.155084e-01
1.154206e-01
1.153204e-01
1.151503e-01
1.142341e-01
1.139442e-01
1.137836e-01
1.136419e-01
1.133171e-01
1.119478e-01
1.113045e-01
1.112437e-01
1.104755e-01
1.099941e-01
1.098419e-01
1.097684e-01
1.097217e-01
1.091511e-01
1.085867e-01
1.084327e-01
1.082152e-01
1.080321e-01
1.066576e-01
1.049361e-01
1.048140e-01
1.047355e-01
1.044887e-01
1.043704e-01
1.043521e-01
1.043324e-01
1.039654e-01
1.036847e-01
1.033251e-01
1.022616e-01
1.021394e-01
1.019279e-01
1.017818e-01
1.017716e-01
1.012903e-01
1.012179e-01
1.009229e-01
1.007681e-01
9.992330e-02
9.942936e-02
9.887895e-02
9.866097e-02
9.842422e-02
9.795564e-02
9.774817e-02
9.752112e-02
9.627808e-02
9.575201e-02
9.567574e-02
9.560045e-02
9.515993e-02
9.418493e-02
9.370429e-02
9.323719e-02
9.261794e-02
9.229949e-02
9.221847e-02
9.195217e-02
9.133083e-02
9.097402e-02
9.073897e-02
8.936557e-02
8.935022e-02
8.917928e-02
8.863534e-02
8.856899e-02
8.815642e-02
8.670998e-02
8.666656e-02
8.656144e-02
8.649824e-02
8.518492e-02
8.495516e-02
8.488522e-02
8.428556e-02
8.417208e-02
8.346285e-02
8.306796e-02
8.256624e-02
8.238448e-02
8.223623e-02
8.198297e-02
8.082615e-02
8.063946e-02
8.062374e-02
8.037724e-02
8.037073e-02
8.036366e-02
8.021302e-02
7.937652e-02
7.875274e-02
7.806736e-02
7.782702e-02
7.711414e-02
7.648350e-02
7.599702e-02
7.519558e-02
7.514546e-02
7.496696e-02
7.461901e-02
7.400926e-02
7.388684e-02
7.364964e-02
7.356365e-02
7.337743e-02
7.306335e-02
7.262218e-02
7.236912e-02
7.186296e-02
7.164526e-02
7.162487e-02
7.056314e-02
7.050083e-02
7.033056e-02
6.991157e-02
6.957331e-02
6.929143e-02
6.911612e-02
6.895403e-02
6.822579e-02
6.782799e-02
6.685417e-02
6.661028e-02
6.658294e-02
6.635663e-02
6.602734e-02
6.567466e-02
6.516895e-02
6.495930e-02
6.463817e-02
6.400279e-02
6.381720e-02
6.359956e-02
6.268078e-02
6.212471e-02
6.208014e-02
6.183889e-02
6.130487e-02
6.121631e-02
6.094906e-02
6.045511e-02
6.022818e-02
5.899279e-02
5.894466e-02
5.852600e-02
5.849476e-02
5.694211e-02
5.667002e-02
5.659193e-02
5.627613e-02
5.589038e-02
5.547713e-02
5.529689e-02
5.514474e-02
5.504864e-02
5.476664e-02
5.469998e-02
5.419336e-02
5.418031e-02
5.399329e-02
5.389119e-02
5.372751e-02
5.354331e-02
5.353776e-02
5.342919e-02
5.341651e-02
5.313600e-02
5.303168e-02
5.296394e-02
5.284032e-02
5.267847e-02
5.249466e-02
5.237250e-02
5.165815e-02
5.069871e-02
5.043897e-02
4.957956e-02
4.898765e-02
4.891942e-02
4.890078e-02
4.889042e-02
4.877297e-02
4.841323e-02
4.804163e-02
4.759130e-02
4.676239e-02
4.661693e-02
4.563757e-02
4.474828e-02
4.457821e-02
4.455771e-02
4.437592e-02
4.425631e-02
4.424122e-02
4.397426e-02
4.378497e-02
4.352854e-02
4.308120e-02
4.302083e-02
4.122396e-02
4.120243e-02
4.096006e-02
4.076062e-02
4.074339e-02
4.027937e-02
4.002118e-02
3.999277e-02
3.991033e-02
3.935530e-02
3.898322e-02
3.877645e-02
3.875634e-02
3.811699e-02
3.785600e-02
3.684698e-02
3.658865e-02
3.638982e-02
3.634716e-02
3.600344e-02
3.595206e-02
3.574896e-02
3.552494e-02
3.546546e-02
3.399128e-02
3.392426e-02
3.364467e-02
3.334137e-02
3.293889e-02
3.232560e-02
3.157333e-02
3.151461e-02
3.069948e-02
3.063841e-02
3.010090e-02
2.897660e-02
2.862425e-02
2.812742e-02
2.808102e-02
2.797646e-02
2.788850e-02
2.784073e-02
2.776591e-02
2.774274e-02
2.772741e-02
2.758347e-02
2.698854e-02
2.698471e-02
2.583799e-02
2.575899e-02
2.565858e-02
2.543439e-02
2.533461e-02
2.509764e-02
2.505879e-02
2.503084e-02
2.486943e-02
2.481405e-02
2.472046e-02
2.420734e-02
2.417787e-02
2.409251e-02
2.402677e-02
2.394792e-02
2.388983e-02
2.352299e-02
2.327692e-02
2.194232e-02
2.156883e-02
2.112069e-02
2.109657e-02
2.105199e-02
2.069112e-02
2.047083e-02
2.043997e-02
2.017944e-02
2.017217e-02
2.005857e-02
1.974365e-02
1.966668e-02
1.947594e-02
1.919205e-02
1.908449e-02
1.907694e-02
1.894583e-02
1.890401e-02
1.882649e-02
1.857814e-02
1.815985e-02
1.802290e-02
1.758567e-02
1.717204e-02
1.612804e-02
1.592294e-02
1.589643e-02
1.547114e-02
1.430801e-02
1.410368e-02
1.398863e-02
1.394437e-02
1.314767e-02
1.302464e-02
1.297837e-02
1.250157e-02
1.246039e-02
1.216814e-02
1.195568e-02
1.172890e-02
1.078424e-02
9.860487e-03
8.802537e-03
8.698966e-03
8.676624e-03
8.359168e-03
8.271026e-03
7.754615e-03
7.226915e-03
7.222468e-03
7.220617e-03
5.531554e-03
5.524013e-03
5.227459e-03
4.876380e-03
4.195539e-03
4.065485e-03
3.751526e-03
3.487717e-03
3.360777e-03
3.191158e-03
3.129394e-03
2.249898e-03
1.293567e-03
1.187819e-03
9.835420e-04
6.235443e-04
2.463430e-04
1.713200e-04
1.453215e-04
1.757700e-05
