-0.375
-0.3458571428571428
-0.3458571428571428
-0.3458571428571428
-0.3458571428571428
-0.3458571428571428
-0.3458571428571428
-0.3458571428571428
-0.3458571428571428
-0.3458571428571428
-0.3458571428571428
-0.3458571428571428
-0.3458571428571428
-0.3458571428571428
-0.3458571428571428
-0.3361836734693877
-0.3361836734693877
-0.3361836734693877
-0.3361836734693877
-0.3361836734693877
-0.3361836734693877
-0.3361836734693877
-0.3361836734693877
-0.3361836734693877
-0.3361836734693877
-0.3361836734693877
-0.3361836734693877
-0.3361836734693877
-0.3361836734693877
-0.3361836734693877
-0.3361836734693877
-0.3361836734693877
-0.3361836734693877
-0.3361836734693877
-0.3361836734693877
-0.3361836734693877
-0.3361836734693877
-0.3361836734693877
-0.3361836734693877
-0.3361836734693877
-0.3361836734693877
-0.3361836734693877
-0.3361836734693877
-0.3361836734693877
-0.3361836734693877
-0.3361836734693877
-0.3361836734693877
-0.3361836734693877
-0.3361836734693877
-0.3361836734693877
-0.3361836734693877
-0.3361836734693877
-0.3361836734693877
-0.3361836734693877
-0.3361836734693877
-0.3361836734693877
-0.3361836734693877
-0.3361836734693877
-0.3361836734693877
-0.3361836734693877
-0.3361836734693877
-0.3361836734693877
-0.3361836734693877
-0.3361836734693877
-0.3178
-0.3178
-0.3178
-0.3178
-0.3178
-0.275
-0.25999999999999995
-0.25999999999999995
-0.25999999999999995
-0.25999999999999995
-0.25999999999999995
-0.21739999999999998
-0.21739999999999998
-0.21739999999999998
-0.21739999999999998
-0.21739999999999998
-0.1555
-0.1555
-0.1555
-0.1555
-0.1495
-0.1495
-0.141
-0.051775000000000015
-0.051775000000000015
-0.051775000000000015
-0.051775000000000015
-0.051775000000000015
-0.051775000000000015
-0.051775000000000015
-0.051775000000000015
-0.051775000000000015
-0.051775000000000015
-0.051775000000000015
-0.051775000000000015
-0.051775000000000015
-0.051775000000000015
-0.051775000000000015
-0.051775000000000015
-0.051775000000000015
-0.051775000000000015
-0.051775000000000015
-0.051775000000000015
-0.051775000000000015
-0.051775000000000015
-0.051775000000000015
-0.051775000000000015
-0.051775000000000015
-0.051775000000000015
-0.051775000000000015
-0.051775000000000015
-0.051775000000000015
-0.051775000000000015
-0.051775000000000015
-0.051775000000000015
-0.051775000000000015
-0.051775000000000015
-0.051775000000000015
-0.051775000000000015
-0.051775000000000015
-0.051775000000000015
-0.051775000000000015
-0.051775000000000015
-0.009000000000000001
-0.009000000000000001
0.056
0.063
0.063
0.063
0.063
0.063
0.063
0.063
0.171
0.171
0.171
0.20024999999999998
0.20024999999999998
0.20024999999999998
0.20024999999999998
0.206
0.2515
0.2515
0.38175
0.38175
0.38175
0.38175
0.44
0.48457142857142854
0.48457142857142854
0.48457142857142854
0.48457142857142854
0.48457142857142854
0.48457142857142854
0.48457142857142854
0.48925
0.48925
0.48925
0.48925
0.499
0.567
0.746