 0.333661418
-0.152838196
 0.101484706
-0.034212349
 0.344761110
 0.151108203
 0.798318088
 0.282753824
 0.116232608
-0.232173258
-0.754577314
 1.067623406
-0.017392007
 0.751175346
 0.036700005
-0.049341662
 0.901071056
 0.438619703
-0.054389693
 0.298236003
-0.059094293
-0.289935427
 0.240412431
-0.142595622
 0.187220136
 0.470995057
 1.048442687
 0.311285934
 1.312326543
 1.053773847
 1.971778423
 1.220373306
 0.728297691
-0.030676932
 0.727295021
-0.428615113
 0.935317807
 0.250162332
 0.051430977
-0.059523283
 1.228693445
 0.479788597
 0.196424313
 0.398860207
 0.438492347
 0.395355384
 0.625664618
-0.050358252
 1.500726736
-0.377323121
 0.098084193
-0.085850246
 0.091653430
-2.722980859
-0.126329005
 0.999487123
 0.689845589
-0.034528499
-0.262725991
-0.169201204
 0.586809619
-0.201786804
-0.049792759
 0.278445856
-0.286105882
 0.269179757
-0.481762383
 0.335005565
-0.199180640
 0.149012768
 0.055778899
-0.119631937
 1.320907514
 0.102134021
 0.004837946
-0.542263943
 0.918546364
 0.023191929
 0.240312075
 0.422260116
 0.032998006
 4.509122198
 4.100075655
 5.349664257
 4.720821946
 0.717722455
 0.475245855
 0.306688853
 0.298557883
 5.623519538
 4.071460946
 4.904858642
 4.954486743
 4.249033292
 4.335308613
 3.993074387
 0.698309503
 0.416954890
-0.105946916
-0.136889191
 0.993734119
 0.050226037
 0.800497688
-0.393921201
-0.343725924
 0.602905690
 0.357481689
-0.412016665
-0.467471490
 0.042063629
-0.454778718
 0.258735756
 0.283615296
 0.311822651
 0.087692988
 0.301947406
 0.561615269
 0.525295568
 0.110087491
 0.893868263
-0.230056329
-0.366507917
 1.230165262
 4.589563087
 1.840599330
 4.991209188
 4.113129066
 3.289194151
 5.173585806
 5.066727432
 4.678458125
 4.700584342
 4.470793523
 0.030236473
 0.181660490
-0.823411434
 0.308748024
 0.447721779
 0.419833033
 0.193058024
 0.289769488
-0.085823159
 0.656411902
-0.592439577
-0.218602953
-0.548867894
-0.009045387
 0.794848694
-0.125886747
 0.404348972
 0.370004884
 0.179383281
-0.080397198
 0.078355849
 0.369777194
 0.285390924
 0.378452842
-0.001319065
 0.142406855
 0.678304186
 0.396981946
 0.783244911
-0.027710549
 1.193342890
 0.086804027
 1.293139804
 0.463936505
-0.282127632
 0.189088174
 0.113304854
 0.166896413
 0.394591485
-0.013966281
 0.300544963
 0.689136546
 1.473536995
-0.095597103
 0.400477866
 0.386036632
 0.274715183
 0.023912467
 0.074030042
 0.090195218
 0.629646330
-0.096850316
 0.328925599
 1.013548549
-0.143245760
-0.080099109
 0.129418539
-0.309463067
 0.246131405
-0.067731304
-0.456213629
 0.116642354
 0.148898441
-0.048594924
 0.192742196
 0.136487362
-0.045159007
 0.114812089
-0.605022850
 0.070163747
 0.383360470
-0.417585906
-0.720352637
-0.184670460
-0.210719745
-0.525148288
-0.047027403
-0.461766362
-0.253764522
 0.156195470
-0.360458231
 0.195669389
-0.828861710
 0.213666229
-0.316342473
-0.459592203
 0.066989851
-0.327874397
-0.221811034
 0.050537068
-0.308798017
-0.167796352
 0.021934069
 0.720183582
-0.812931162
-0.695879169
-0.467703691
-0.050388799
-1.150012161
 0.028961169
-0.543906540
-0.415640161
-0.499848125
 0.185585603
-0.408207960
-0.119217625
 0.298563902
-0.313912745
-0.455039033
 0.198765888
-0.219188999
 0.096080462
 0.174919399
 0.019894027
 0.500752924
 0.468907043
 0.212723345
-0.391718360
-0.660902216
-0.595024426
-0.209894813
-0.019574944
-0.813813147
 0.363890611
-0.578556997
-0.649606874
-0.264799086
 0.019644412
-0.430958981
-0.538741352
-0.068761130
-0.241757609
-1.239959476
-0.066414576
-0.175947850
-0.419580088
-0.065038738
-0.408857564
-0.508016685
-0.274788193
-0.707017706
-0.427371412
-0.727949045
 0.249133681
-0.153107043
-0.053042742
-0.013709379
-0.852133421
-0.618501258
-0.556147701
-0.316724699
 0.182548392
-0.239364032
-0.283780826
-0.604934823
-0.349374889
 0.213826027
-0.331310594
-0.636395818
-0.746685300
 0.103594575
 0.797567364
-0.435125558
 0.055519519
-0.332527362
-0.371479248
-0.138703453
-0.062180246
 0.038697690
-0.356386399
-0.101124447
-0.100021941
-0.061868069
-0.248877350
-0.264386579
 0.505413934
-0.311093963
-0.018840553
-0.565258285
 0.130595081
-0.754660565
-0.499844044
 0.262203175
-0.479291364
-0.218869331
-0.433779378
-0.139522875
-0.415339002
-0.192222446
-0.160627125
 0.223498645
-0.391606813
-0.527262795
 0.046752097
-0.529302142
 0.143668698
-0.246019663
-0.211313168
-0.585673686
-0.121554823
-0.665734668
-0.605532866
-0.338942619
-0.415710809
-0.279780777
-0.522365913
-0.384478952
 0.545617242
 0.663602820
-0.066939210
-0.383366696
-0.580215130
 0.793368317
-0.536733614
-0.440941930
-0.591322601
-0.736566962
-0.396428430
-0.318875533
-0.677624728
-0.089997686
 0.348604017
-1.843575766
 0.048303290
-0.360072955
-0.279384259
-0.428073901
-1.757638431
-0.277012106
-0.229232448
-0.664980297
-0.563641864
-0.831176544
-0.015430675
 0.091632776
 0.176809465
 0.094404604
-0.079899541
-0.177864603
-0.295753925
 0.295430517
 0.258274227
-0.618058897
-0.327121759
 0.087782087
-0.520807560
 0.272401292
-0.275243444
-0.223329967
-0.389588643
-0.688463757
-0.695966808
-0.054866212
-0.262797013
-0.410033567
-0.441826423
-0.123624596
 0.021541723
 0.110024167
-0.110604231
-0.222338297
-0.455677943
-0.602977220
 0.178504860
-0.228445472
-0.711395694
-0.930839000
-0.339650521
 0.095428611
-0.419717890
-0.155472761
-0.178930564
-0.822620093
-0.454963951
-0.673763862
-0.102472138
 0.040089903
-0.029521970
-0.000632098
-0.194484596
-0.247727048
-0.218819389
-0.367657904
-1.328053557
-0.510218396
-0.002790268
-0.360124877
-0.424816166
-0.724902680
 1.064642746
-0.552119463
-0.424920344
-0.300585899
-0.211470473
-0.392940887
 0.266840848
 0.328117664
-0.668538964
-0.793900525
-0.136432700
-0.017100709
 0.104797420
-0.036364667
-0.249346632
-0.405463836
-1.072974579
-0.347934722
-0.090023881
-0.373784864
-0.620169350
-0.227555113
-0.361263448
-0.409464596
-0.913670873
-0.584700810
-0.386337438
-0.308206174
-0.125826899
-0.068578403
-0.377207191
-0.279231899
-0.031455496
-0.142593320
-0.043115607
-0.210143202
 1.141949588
 0.236923525
-0.133327072
-0.156587637
-0.593678594
 0.024593014
-0.121012540
-0.063780486
-0.897478956
-0.620313226
-1.096514734
-0.451823152
-0.063106019
-0.437923162
 0.521931790
-0.508581981
-0.145626091
-0.570855153
-0.762056062
 0.126651021
-0.766390375
-0.783108711
-0.163726668
 0.213314219
-0.180386359
-0.805290002
-0.580981865
-0.707040288
 1.068731268
-0.003050403
-0.243703794
-0.569731623
-0.126302231
-0.237856218
 0.037604485
-0.766775137
-0.393812248
-0.303183657
-0.012643729
-0.453513057
-0.446537622
 0.174711048
-0.077845701
-0.520915884
-0.113204306
-0.572134551
 0.240656986
-0.373706851
-0.484744525
-0.474289607
-0.315797476
-0.315304790
-2.195120326
-0.449456509
-0.215841009
-0.058726265
 0.208581253
 0.020211385
-0.200011788
-0.428480068
 0.400494930
-0.371436679
-0.364715125
-0.247237798
-0.543860714
 0.381741178
 0.162204349
 0.160729108
 0.078807801
-0.259972002
-0.614058889
-0.394070613
-0.092976410
-0.089451208
 0.198241020
 0.191982231
-0.112081240
 0.101584810
-0.728946453
-0.374501793
-0.300807834
-0.928862986
-0.230643085
-0.559588001
 0.237238672
-0.370400563
 0.416294015
-0.360305874
-0.430862900
-0.297497433
-0.525360826
-0.476946140
-0.136442785
-0.215417371
 0.123581660
 0.680277637
-0.268422248
-0.218580683
-0.255931472
-0.477484804
-0.608314911
-0.360959362
-0.759822788
 0.088246531
-0.640597920
-0.273625087
-0.349963050
-0.000162337
 0.793457454
-1.033400399
-0.877746350
-0.433098684
-0.504596612
-0.598069698
-0.942138271
-0.041533150
-0.877654647
-0.491504555
-0.417552377
 0.218850801
-0.868748899
-0.562094322
-0.707653606
-0.013725096
-0.279878700
-0.485532547
-0.192022837
-0.528153720
-0.576694875
-0.835297055
-0.026691355
-0.222294487
 0.079050304
-0.263940718
-0.319217340
-0.779052953
-0.852230253
-0.313182285
 0.110597780
 0.158651315
 0.078734169
-0.670419531
 0.310363834
-0.160180381
-0.362804217
-1.083392119
 0.163973536
-0.671208819
-0.712150486
-0.100121122
-0.216027508
-0.071532762
 0.001161567
-0.079441907
-0.346489263
-0.393043105
 0.060759568
-0.165992258
-0.053668163
-0.243050770
 0.279038436
 0.023986641
-0.877910441
-0.112214905
-0.036197254
-0.083243226
-0.522979570
-0.342317039
-0.410299589
-0.870522804
 0.003666103
-0.511136886
-0.530985457
-0.641579231
-0.208704502
-0.386920100
-0.351748759
 0.314158750
-0.630951547
-0.461181109
-0.133800993
 0.232070947
-0.713614953
 0.190399500
-0.738028327
-0.825598271
-0.344433072
-0.561154318
-0.318916787
-0.429980416
-0.309797410
-0.723150169
-0.302931825
-0.305426002
-0.016191476
 0.244985049
-0.771825831
-0.193377501
-0.339730321
-0.364066594
 0.224068932
-0.264905551
-0.131708334
-0.235060274
 0.126722911
-0.260678078
-1.267411054
-0.640497682
 0.221771002
-0.142683616
-0.771216292
-0.091575806
-0.015341816
-0.944923343
-0.376757414
-0.152861861
-0.748154782
-0.569423641
 0.078948674
-1.149766256
-0.702175738
-0.077392088
-0.644924201
-0.715855115
-0.593828214
-0.356213522
 0.055257115
 0.017604126
-0.516237483
-0.393627740
-0.323594315
-0.190994730
 0.078674371
 0.183419368
-0.647518926
-0.298726286
-0.159579658
-0.526222602
-0.402062317
-0.221664002
-0.873681670
-0.059743900
-0.280694838
-0.621510644
-0.264109756
-0.974193940
 0.127914663
 0.030075832
-0.361109715
-0.197269474
-1.291224100
-0.081134078
-0.180015915
 0.102013682
-0.525285736
-0.580771210
 0.044456756
-0.595823292
-0.475366927
-0.259604610
-0.341091385
-1.249667522
 0.228683353
-1.176505576
-0.746793616
-1.033374675
-0.204896114
-0.677631696
-0.450347992
 0.043852739
-0.730749522
-0.725998244
-0.893142852
 0.201884594
 0.016648709
-0.441348188
-0.080743388
-0.223884722
-0.225851806
 0.052698900
-0.041322772
-0.069300038
 0.164291016
 0.085580408
-0.072088280
 0.384244269
-0.130615718
-0.090498576
 0.050740801
 0.260211886
-0.027122609
-0.191669868
-0.216673004
-0.088850989
-0.055819868
 0.485237935
 0.097571481
 0.098256761
 0.026246836
 0.042381912
 0.029617279
 0.375450986
-0.155496811
 0.051153440
 0.329712146
-0.104300264
-0.167833126
-0.228633907
-0.406992472
 0.230290476
 0.665370916
-0.539347544
-0.021702952
-0.127059884
-0.469590838
-0.195473233
 0.052167147
 1.471031500
 0.288585954
 0.107071303
 0.017039155
-0.576269903
 0.036041299
 0.086272808
 0.205329909
 0.407175636
-0.036044156
-0.389349765
 0.125401662
-0.389854083
 0.392305601
-0.061573806
-0.039477754
-0.251338718
-0.281890325
-0.262169351
 0.040849065
 0.173562320
-0.152044876
-0.038704827
 0.224376969
 0.050262797
 0.360583980
 0.019844288
 0.411523617
 0.561914778
-0.506968356
 0.246511432
-0.042171550
-0.093689521
 0.225029551
-0.129246400
 0.649023015
-0.270216503
 0.473159790
 0.144341081
-0.008615262
-0.558044166
-0.123717818
-0.034221258
-0.241549621
-0.000597993
 0.050421171
 0.098048887
 0.267959201
 0.067853758
-0.295509744
 0.491676019
 0.439085349
 0.632306392
-0.980577336
-0.058889805
-0.047186883
 0.363956515
 0.007863963
-0.253706854
-0.084508074
-0.244592805
-0.141767419
 0.421300043
-0.143584790
 0.052326486
 0.355723932
 0.255600581
 1.157472200
 0.154714241
 0.133738174
-0.304222477
-0.376126601
 0.119312547
 0.363170241
 0.030888979
-0.003954795
-0.131589188
 0.534430859
 0.095221907
 0.351233062
 0.054272569
 0.282041021
-0.156360765
-0.121564900
-0.492636537
 0.151007655
 0.628675034
 0.198963638
-0.284908082
-0.416962763
 0.252061049
-0.776050882
 0.065890312
-0.008746724
 0.015164646
 0.064528861
-0.173460626
 0.176579626
-0.416514399
-0.172706543
-0.111419020
 0.070229183
-0.219247285
 0.176194899
-0.192678965
 0.107040834
 0.034949253
 0.130859044
 0.388752153
-0.256065835
-0.143513570
 0.181785700
 0.075513702
-0.120584657
-0.324508966
-0.362316977
-0.043846318
-0.405492540
-0.256254518
 0.122884477
 0.106102321
 0.309535637
-0.283071291
-0.234595628
-0.235176914
-0.029739518
-0.156708140
-0.223997480
-0.023673064
 1.064663301
 0.116533206
 0.003349348
 0.516080633
 0.144989606
 0.491655848
 0.070805640
-0.294577200
-0.183214269
-0.377127980
-0.200179536
-0.018585311
 0.046430683
 0.174390339
 0.174320031
 0.347775140
-2.654849518
 0.313512551
-0.224190719
-0.226777853
-0.198495743
-0.098706786
-0.133916935
 0.095669046
-0.119815282
-0.288386405
 0.091038939
 0.016940938
 0.033482990
 0.313372824
-0.106371471
 0.283413472
 0.569726118
 0.026009260
 0.133948093
 0.078949333
-0.026978554
 1.051338524
 0.425189836
-0.146376266
-0.470677517
 0.586301378
-0.144944526
-0.461677448
 0.609752241
-0.082296379
-0.346268284
-0.216349682
 0.232188274
-0.089294651
 0.658497690
 0.190514400
-0.018780793
-0.154700737
-0.391871429
-0.140540095
-0.343334937
-0.100463088
-0.056912480
 0.252327931
 0.048961968
-0.006990945
 0.209654937
 0.260972090
 0.001111444
 0.606648465
-0.357604623
 0.311908496
 0.187659085
 0.120593568
-0.133553117
 0.102474235
 0.344234076
-0.119051429
-0.170825123
-0.161825531
-0.348986987
-0.001226997
-0.221421565
 0.552794967
-0.603428923
-0.447906936
-0.317569038
-0.728202176
-0.505593159
-0.147661306
